; Custom Themes for XIFriendList
; Format: [ThemeName]
; Key=Red,Green,Blue,Alpha

[Ashita]
WindowBg=0.180392,0.200000,0.231373,0.960784
ChildBg=0.219608,0.239216,0.270588,0.960784
FrameBg=0.160784,0.168627,0.200000,1.000000
FrameBgHovered=0.141176,0.141176,0.141176,0.780392
FrameBgActive=0.121569,0.121569,0.121569,1.000000
TitleBg=0.831373,0.329412,0.278431,0.690196
TitleBgActive=0.831373,0.329412,0.278431,1.000000
TitleBgCollapsed=0.831373,0.329412,0.278431,0.501961
Button=0.831373,0.329412,0.278431,0.780392
ButtonHovered=0.831373,0.329412,0.278431,1.000000
ButtonActive=0.831373,0.329412,0.278431,1.000000
Separator=0.431373,0.431373,0.501961,0.501961
SeparatorHovered=0.101961,0.400000,0.749020,0.780392
SeparatorActive=0.101961,0.400000,0.749020,1.000000
ScrollbarBg=0.121569,0.129412,0.168627,1.000000
ScrollbarGrab=0.831373,0.329412,0.278431,0.690196
ScrollbarGrabHovered=0.831373,0.329412,0.278431,1.000000
ScrollbarGrabActive=0.831373,0.329412,0.278431,1.000000
CheckMark=0.831373,0.329412,0.278431,1.000000
SliderGrab=0.831373,0.329412,0.278431,0.690196
SliderGrabActive=0.831373,0.329412,0.278431,1.000000
Header=0.831373,0.329412,0.278431,0.780392
HeaderHovered=0.831373,0.329412,0.278431,1.000000
HeaderActive=0.831373,0.329412,0.278431,1.000000
Text=0.941176,0.941176,0.941176,1.000000
TextDisabled=0.941176,0.941176,0.941176,0.290196
Border=0.050980,0.050980,0.101961,0.800000

